   1           3                   3     5
   2           7                   4     4
   3           8                   1    10
   4          12                   2     4
   5          15                   3     5
   6          20                   4     5
   7          26                   3     5
   8          28                   3     3
   9          31                   2     8
  10          32                   2     7
  11          32                   4     5
  12          33                   1     7
  13          34                   1     9
  14          36                   1     2
  15          37                   2     8
